# object_points (mm)
0.0 0.0 0.0
157.0 0.0 0.0
314.0 0.0 0.0
471.0 0.0 0.0
628.0 0.0 0.0
785.0 0.0 0.0
942.0 0.0 0.0
1099.0 0.0 0.0
1256.0 0.0 0.0
0.0 157.0 0.0
157.0 157.0 0.0
314.0 157.0 0.0
471.0 157.0 0.0
628.0 157.0 0.0
785.0 157.0 0.0
942.0 157.0 0.0
1099.0 157.0 0.0
1256.0 157.0 0.0
0.0 314.0 0.0
157.0 314.0 0.0
314.0 314.0 0.0
471.0 314.0 0.0
628.0 314.0 0.0
785.0 314.0 0.0
942.0 314.0 0.0
1099.0 314.0 0.0
1256.0 314.0 0.0
0.0 471.0 0.0
157.0 471.0 0.0
314.0 471.0 0.0
471.0 471.0 0.0
628.0 471.0 0.0
785.0 471.0 0.0
942.0 471.0 0.0
1099.0 471.0 0.0
1256.0 471.0 0.0
0.0 628.0 0.0
157.0 628.0 0.0
314.0 628.0 0.0
471.0 628.0 0.0
628.0 628.0 0.0
785.0 628.0 0.0
942.0 628.0 0.0
1099.0 628.0 0.0
1256.0 628.0 0.0
0.0 785.0 0.0
157.0 785.0 0.0
314.0 785.0 0.0
471.0 785.0 0.0
628.0 785.0 0.0
785.0 785.0 0.0
942.0 785.0 0.0
1099.0 785.0 0.0
1256.0 785.0 0.0
